zipcode,med_income,prop_bipoc,prop_white,prop_other,prop_female,prop_male
10001,92840,0.287100385620102,0.6500393913007422,0.0331301571505577,0.4949205954306091,0.5050794045693909
10002,36982,0.5179849353509043,0.32021106620658174,0.11981900938519582,0.5302165711140053,0.4697834288859947
10003,118161,0.20329029030883525,0.753672860662875,0.021398002853067047,0.5004538970302166,0.4995461029697834
10004,190223,0.34512743628185905,0.6095952023988006,0.010494752623688156,0.57061469265367315,0.42938530734632685
10005,189702,0.1881392943339846,0.7507183082404322,0.0249396621078037,0.5277554304102977,0.47224456958970235
10006,179044,0.1924320827943079,0.7347994825355757,0.023609314359637774,0.5255498059508409,0.4744501940491591
10007,224063,0.18723002159827215,0.7778077753779697,0.014308855291576673,0.4406047516198704,0.5593952483801296
10009,63717,0.22980460775736367,0.6161631756814712,0.11560564733329902,0.5315389497881392,0.4684610502118608
10010,132988,0.2581741213167716,0.6960118086113741,0.018966189494791955,0.4840138138472679,0.5159861861527322
10011,138272,0.1337564315601914,0.8055016116438768,0.028689263048309276,0.48759734929628223,0.5124026507037178
10012,106467,0.20902307230465736,0.7362552534522686,0.02019898790633845,0.5225576807616433,0.4774423192383566
10013,113191,0.3554637313795618,0.5804368207229418,0.025973124066807875,0.5081773672696969,0.49182263273030313
10014,133501,0.06218692327972581,0.8892367519114157,0.009886633271816504,0.5075138412865805,0.49248615871341944
10016,126628,0.24446923571455584,0.718715728170026,0.011704420829709185,0.5205725522822675,0.4794274477177325
10017,131045,0.23267701628171147,0.7424586646472295,0.009655433547898523,0.5404518490470781,0.4595481509529219
10018,122484,0.3338632750397456,0.5952759482171247,0.033954122189416305,0.45593913240972067,0.5440608675902794
10019,103792,0.2602531979427667,0.6683370697613082,0.03852916611719196,0.47558134423491144,0.5244186557650886
10020,NA,NA,NA,NA,NA,NA
10021,122169,0.0983739837398374,0.8449412827461608,0.03062330623306233,0.5373983739837398,0.46260162601626015
10022,150718,0.13806617410857694,0.8327015740443302,0.007452618053324767,0.545615162222936,0.4543848377770639
10023,132605,0.15220415407492685,0.7881709598503381,0.03693577013479157,0.559552933275771,0.4404470667242289
10024,143623,0.12478055832845684,0.8235000516333345,0.026625589480568656,0.5600667791125951,0.4399332208874049
10025,91624,0.2135803405925139,0.6619332039761087,0.08054113234544882,0.5431811037278729,0.45681889627212713
10026,59691,0.5780225476221329,0.2802384346248542,0.09361150706232992,0.5298691201244007,0.4701308798755993
10027,51938,0.4780421000800148,0.3192127777435834,0.15316673847479534,0.5415461315935249,0.45845386840647506
10028,122969,0.11345364351693465,0.8592413616147794,0.009621963735887787,0.5715874101950051,0.42841258980499486
10029,33720,0.4270071565445231,0.34870230599767965,0.19142778929255796,0.5432586393440486,0.4567413606559514
10030,42348,0.648551191242756,0.16397295556986477,0.13074694140373472,0.5641661300708306,0.43583386992916934
10031,53660,0.32757694760514217,0.314268452321015,0.19598563420937803,0.49573725371731614,0.5042627462826839
10032,53525,0.2455310532476983,0.29052108710095864,0.36295757268959405,0.5010124339545038,0.49898756604549627
10033,63093,0.13832285043445475,0.41099247630636343,0.3581723765617234,0.5015338737596189,0.49846612624038117
10034,54406,0.17295219226868558,0.39463194886671854,0.37859383476025377,0.5378428736526805,0.46215712634731954
10035,29799,0.44956724367509987,0.20949844651575678,0.300349533954727,0.4978916999556147,0.5021083000443852
10036,95301,0.26534910661003264,0.6348158809281427,0.06571418541790992,0.44915224488363115,0.5508477551163689
10037,46263,0.7438178086208582,0.10179845567393217,0.10644120809305053,0.5504349525950543,0.44956504740494574
10038,95702,0.39350521213161166,0.5308652567457424,0.02561022693149157,0.5244734245635108,0.4755265754364892
10039,42278,0.6457600344654268,0.14177496948373663,0.15541753428591945,0.553206002728513,0.44679399727148705
10040,49677,0.13709821428571428,0.36808035714285714,0.4249107142857143,0.5429910714285714,0.45700892857142855
10044,104808,0.46872990353697747,0.4293408360128617,0.04614147909967846,0.5060289389067524,0.49397106109324757
10065,148441,0.13826616999661362,0.8414155096512022,0.005485946495089739,0.5525567219776498,0.4474432780223502
10069,132500,0.33101966617088086,0.6303090398281276,0,0.533961328705999,0.466038671294001
10075,138640,0.10551860506920727,0.8270717238899874,0.03442387201150458,0.5457486967463598,0.4542513032536401
10103,NA,NA,NA,NA,NA,NA
10110,NA,NA,NA,NA,NA,NA
10111,NA,NA,NA,NA,NA,NA
10112,NA,NA,NA,NA,NA,NA
10115,NA,NA,NA,NA,NA,NA
10119,NA,NA,NA,NA,NA,NA
10128,121829,0.1351388225663415,0.792533597107579,0.03158469199808991,0.5713554812743025,0.42864451872569753
10152,NA,NA,NA,NA,NA,NA
10153,NA,NA,NA,NA,NA,NA
10154,NA,NA,NA,NA,NA,NA
10162,152336,0.04845222072678331,0.9185733512786003,0,0.5491251682368775,0.4508748317631225
10165,NA,NA,NA,NA,NA,NA
10167,NA,NA,NA,NA,NA,NA
10168,NA,NA,NA,NA,NA,NA
10169,NA,NA,NA,NA,NA,NA
10170,NA,NA,NA,NA,NA,NA
10171,NA,NA,NA,NA,NA,NA
10172,NA,NA,NA,NA,NA,NA
10173,NA,NA,NA,NA,NA,NA
10174,NA,NA,NA,NA,NA,NA
10177,NA,NA,NA,NA,NA,NA
10199,NA,NA,NA,NA,NA,NA
10271,NA,NA,NA,NA,NA,NA
10278,NA,NA,NA,NA,NA,NA
10279,NA,0,1,0,0.5714285714285714,0.42857142857142855
10280,182760,0.20187447346251053,0.7514743049705139,8.424599831508003e-4,0.4827295703454086,0.5172704296545914
10282,250001,0.208715199723327,0.7553173093550061,0.0024208888120352758,0.4997406190558534,0.5002593809441467
10301,62052,0.30062695924764893,0.6015935214211077,0.051619644723093,0.5192789968652037,0.48072100313479627
10302,66096,0.32771525198203694,0.5841880578810223,0.059267062150024946,0.483062593557687,0.516937406442313
10303,67215,0.42129849275573883,0.46804861136454873,0.08010656545381556,0.5064048757344622,0.49359512426553775
10304,54199,0.4040669390932088,0.5115294804436661,0.06954173963806189,0.5018972562755399,0.49810274372446
10305,79742,0.22651313017834573,0.7117680101109395,0.03946074989467772,0.5174366896035201,0.48256331039647987
10306,80834,0.10822800081667502,0.8365165098279415,0.02427752102010134,0.5286485884514728,0.4713514115485272
10307,85103,0.05105326714074869,0.9125184489467328,0.02656648329531732,0.517375553468402,0.48262444653159803
10308,103027,0.06272024939007861,0.9254201680672269,0.006641366223908918,0.5220927080509623,0.4779072919490377
10309,109457,0.043836983968524285,0.9316753772975512,0.014622115215221094,0.49950085148863704,0.500499148511363
10310,76075,0.2741176470588235,0.599327731092437,0.09029411764705883,0.5242016806722689,0.4757983193277311
10311,NA,NA,NA,NA,NA,NA
10312,97407,0.06487816002084962,0.9162268699504822,0.008551602814698984,0.5224296325254105,0.47757036747458953
10314,91505,0.2088493406985032,0.7347647897362795,0.029969262295081966,0.5174291696364932,0.4825708303635068
10451,30349,0.4139729100880838,0.14014459032740567,0.393925544291175,0.5252617583513379,0.47473824164866213
10452,29579,0.3503154323278376,0.13843238085140222,0.4722074961564968,0.5439617240099666,0.4560382759900334
10453,29136,0.35651524793186157,0.09541583043712369,0.5138406187282785,0.5395271427872143,0.46047285721278575
10454,21447,0.34916156078684296,0.16556487154681285,0.45415457379339996,0.5210684725357412,0.4789315274642588
10455,28585,0.3246168148554266,0.1393292174203237,0.5036113561059331,0.531906271602584,0.46809372839741603
10456,27917,0.48457132996106433,0.12519818372035332,0.35616985018928565,0.5242835725918655,0.4757164274081344
10457,29767,0.46513057656838896,0.18088262810403358,0.3218171126139371,0.5408035069899227,0.45919649301007726
10458,35423,0.224889044615744,0.16831347815930858,0.5686638635832749,0.5177178229385657,0.4822821770614342
10459,29284,0.33907339073390735,0.12552275522755227,0.49920049200492006,0.5218532185321854,0.4781467814678147
10460,27545,0.36569524835105666,0.18424417822048728,0.4143895544487818,0.5321375689864046,0.46786243101359537
10461,58305,0.22582008452404911,0.48526866572751054,0.23968605353189776,0.5162809418394043,0.4837190581605957
10462,54278,0.4326412552500198,0.23217634783527485,0.2847689991282986,0.5247906595873947,0.4752093404126053
10463,58408,0.20941348478884328,0.4666957206320643,0.2629055839847045,0.5319968509250408,0.4680031490749592
10464,96366,0.05032001765614655,0.6806444493489296,0.2341646435665416,0.4987861399249614,0.5012138600750387
10465,75617,0.1614572599665682,0.5882393350278217,0.21581827757550778,0.5114835932312061,0.48851640676879393
10466,58393,0.7560468556350698,0.11648609389783979,0.10024120790522262,0.5564040032516425,0.44359599674835754
10467,39372,0.42006814478297366,0.24053133178608463,0.29708162559873585,0.526077724556812,0.473922275443188
10468,37804,0.2878386430192315,0.1582637136953132,0.523624193405256,0.5312686198197285,0.46873138018027155
10469,65399,0.6339522546419099,0.17622679045092837,0.15296198054818744,0.5429514809902741,0.45704851900972593
10470,61266,0.45762280478493256,0.42536268770679564,0.08723593789768389,0.540913718503436,0.459086281496564
10471,88722,0.16987779859066987,0.6793327981446793,0.10494157523860494,0.5188654000535189,0.4811345999464811
10472,33498,0.3676340731147348,0.12756814034261493,0.46843174192029197,0.5142756225348796,0.48572437746512037
10473,41508,0.41430705449906846,0.36271169371758505,0.18016415179845247,0.5376726699004682,0.4623273300995317
10474,22965,0.42737498973643157,0.09688808604975778,0.43698168979390756,0.48994170293127515,0.5100582970687249
10475,51951,0.6800878135363632,0.1599093839039656,0.1098836937736466,0.5651595123546173,0.4348404876453828
10501,215515,0.010717230008244023,0.9414674361088211,0.020610057708161583,0.4830997526793075,0.5169002473206925
10502,167195,0.156873413130214,0.7582517228871962,0.04044250997461008,0.4742473703300689,0.5257526296699311
10503,80347,0.10457516339869281,0.8954248366013072,0,0.5947712418300654,0.40522875816993464
10504,212121,0.05087847730600293,0.885187896534895,0.04160566129819424,0.49609565641776476,0.5039043435822352
10505,143000,0.09366391184573003,0.8833792470156107,0.02295684113865932,0.5858585858585859,0.41414141414141414
10506,224167,0.05264081417792595,0.8826109843832252,0.050710650991402,0.5302684681523074,0.46973153184769256
10507,69852,0.10919540229885058,0.7134847210541071,0.13905242500700868,0.5905522848331931,0.40944771516680684
10509,104568,0.06122970074558268,0.8022163211112245,0.11934429578184047,0.48677356756204676,0.5132264324379532
10510,174881,0.08085840199271892,0.8468097336654532,0.041866257903812994,0.5114964552596283,0.4885035447403717
10511,109375,0.0909510618651893,0.7816251154201292,0.11126500461680518,0.47968605724838415,0.5203139427516159
10512,98091,0.047584306095979245,0.8874432555123216,0.04738164721141375,0.5316147859922179,0.4683852140077821
10514,250001,0.13018078471619168,0.8469250809189232,0,0.5208020841556801,0.47919791584431987
10516,107171,0.014883720930232559,0.9670697674418605,0.012465116279069767,0.5101395348837209,0.48986046511627906
10517,105357,0.0718954248366013,0.9172113289760349,0.010893246187363835,0.47058823529411764,0.5294117647058824
10518,175750,0.13352007469654528,0.8562091503267973,0.01027077497665733,0.5788982259570495,0.4211017740429505
10519,156411,0.48788927335640137,0.5121107266435986,0,0.3391003460207612,0.6608996539792388
10520,110094,0.0877487230311809,0.8261797667149501,0.06060837081649768,0.5280933140199741,0.47190668598002594
10522,143462,0.14110207768744354,0.7795844625112918,0.033785004516711833,0.4868112014453478,0.5131887985546522
10523,100816,0.3732617978758349,0.4070951494580094,0.17223256323223476,0.4863681156246578,0.5136318843753421
10524,124006,0.059817351598173515,0.8890410958904109,0.013926940639269407,0.5015981735159817,0.49840182648401826
10526,139671,0.052750992626205334,0.8360748723766307,0.11117413499716393,0.5292115711854793,0.4707884288145207
10527,183824,0.024864864864864864,0.9751351351351352,0,0.5005405405405405,0.49945945945945946
10528,112437,0.14337733272644515,0.8107267485965711,0.020558337126384465,0.5248065543923532,0.4751934456076468
10530,109315,0.21462341049885883,0.6929409846755787,0.05860776002608412,0.53985979784806,0.46014020215194
10532,110417,0.07572697899838449,0.8616720516962844,0.05331179321486268,0.489297253634895,0.510702746365105
10533,158860,0.08209344818585226,0.8808405116157662,0.014487079091620987,0.5399373531714957,0.4600626468285043
10535,NA,0,1,0,0.782051282051282,0.21794871794871795
10536,183365,0.054013362190646466,0.9114519619836267,0.016749788275148208,0.5292180295473793,0.47078197045262066
10537,99565,0.2802130274477673,0.674313805817288,0,0.548136009832036,0.45186399016796397
10538,196944,0.07600294442399705,0.8812415654520918,0.0215311004784689,0.49128941234204393,0.5087105876579561
10541,107180,0.02792447095475096,0.9097678659625394,0.046768739789521674,0.49511796664260477,0.5048820333573952
10543,104252,0.0896377261228581,0.8049257791990836,0.08849219607655959,0.49482124958235885,0.5051787504176412
10545,NA,0.09375,0.7265625,0.1796875,0,1
10546,237708,0.07166123778501629,0.9104234527687296,0.0016286644951140066,0.4714983713355049,0.5285016286644951
10547,110685,0.1093628088426528,0.7436931079323797,0.1399219765929779,0.482184655396619,0.517815344603381
10548,89572,0.0896388083311363,0.8528868969153705,0.04640126548905879,0.4700764566306354,0.5299235433693646
10549,108287,0.09007152382106923,0.7729421748090678,0.11498363437992484,0.470238816826282,0.529761183173718
10550,49648,0.7745598332843517,0.11672767105720164,0.08268989286382217,0.5438830853081835,0.45611691469181653
10552,77242,0.42228492228492226,0.4420849420849421,0.0896940896940897,0.5431145431145431,0.4568854568854569
10553,74942,0.8894292803970223,0.044367245657568236,0.05359801488833747,0.5477915632754342,0.45220843672456573
10560,132303,0.0899415692821369,0.8551752921535893,0.02587646076794658,0.5191986644407346,0.48080133555926546
10562,81952,0.17514856492603365,0.5835124541661398,0.21222657731698066,0.49212921987609054,0.5078707801239095
10566,57022,0.25551853394418994,0.3960849645980841,0.29641815910037483,0.5233652644731361,0.4766347355268638
10567,134719,0.087191734087143,0.7607466614679793,0.10064333755726679,0.5055073593917536,0.49449264060824644
10570,146969,0.08627906976744186,0.8251937984496124,0.06124031007751938,0.4857364341085271,0.5142635658914728
10573,87977,0.07517518549051937,0.654730008244023,0.24402308326463315,0.48889633140972794,0.511103668590272
10576,199167,0.047075606276747506,0.8972895863052782,0.02282453637660485,0.5196657835744855,0.48033421642551455
10577,164181,0.18879798615481436,0.7281308999370674,0.030365009439899306,0.5294210195091252,0.47057898049087477
10578,111076,0.03245942571785269,0.9675405742821473,0,0.5805243445692884,0.41947565543071164
10579,108750,0.02789961013645224,0.8795077972709552,0.04203216374269006,0.4853801169590643,0.5146198830409356
10580,195172,0.07747778931579555,0.8820237683166032,0.016268605053651783,0.5167878158532364,0.4832121841467636
10583,208212,0.1810971579643093,0.7641918190497172,0.019534405522508628,0.5148711169861203,0.4851288830138797
10588,111862,0.11046323291221251,0.7975380628441853,0.09199870424360221,0.5380628441852932,0.46193715581470685
10589,100313,0.029341521664960766,0.9523484590014785,0.016490390083020584,0.5361082679404071,0.46389173205959283
10590,153571,0.05651313930488839,0.901525854761232,0.021616275784119808,0.5103136479231422,0.48968635207685784
10591,98071,0.10961638604408956,0.6587398021176879,0.19632008331886824,0.528857837181045,0.47114216281895505
10594,165179,0.07838899803536346,0.8601178781925344,0.05579567779960707,0.5080550098231827,0.4919449901768173
10595,109950,0.20264369172666116,0.7377552224713797,0.03741295881033872,0.45745308627404696,0.542546913725953
10596,85417,0.029790660225442835,0.8840579710144928,0,0.4307568438003221,0.5692431561996779
10597,237667,0.017584994138335287,0.9531066822977726,0,0.5427901524032825,0.45720984759671746
10598,128545,0.10661664392905866,0.8584924965893588,0.017291950886766713,0.5091405184174624,0.4908594815825375
10601,71290,0.2745430563406821,0.5420199736197475,0.16666666666666666,0.5158281514980215,0.48417184850197853
10603,95833,0.3524571812381059,0.5621851561625434,0.06448001791111609,0.5383969551102653,0.4616030448897347
10604,101508,0.15527015057573074,0.7326837909654561,0.0879539415411869,0.5155004428697962,0.4844995571302037
10605,116895,0.11909351393592081,0.7658765303464444,0.07277936962750717,0.5124772076061475,0.48752279239385254
10606,80492,0.20936998990558756,0.44041327712131106,0.33299685291847275,0.49492310432872155,0.5050768956712784
10607,136250,0.39086830298231723,0.450910530482977,0.12866191607284244,0.5043547110055424,0.49564528899445764
10701,47525,0.34473410817479383,0.4175378222193364,0.2028764365950263,0.514723069930524,0.48527693006947603
10703,66322,0.2435885858768286,0.5239750767563662,0.18471193787249413,0.53901029438324,0.46098970561676
10704,75182,0.2174667802922703,0.66644572799293,0.09320455764921251,0.513335227093394,0.4866647729066061
10705,52232,0.2733577007810935,0.4189365111155618,0.2521780492689766,0.5086120568796315,0.49138794312036854
10706,142500,0.09195808312728129,0.8610620511009066,0.023548804898151417,0.5544566113269751,0.44554338867302484
10707,114386,0.1412280701754386,0.7611111111111111,0.0435672514619883,0.49775828460038984,0.5022417153996102
10708,115435,0.11355597409159815,0.7921356056777987,0.05471082732325784,0.5501401074923056,0.4498598925076944
10709,128365,0.08247422680412371,0.903571800479017,0.006352181609913569,0.5347287306050192,0.46527126939498076
10710,88228,0.28869448183041724,0.5668593143852426,0.10866123030638904,0.532618161665743,0.467381838334257
10801,64043,0.3175972927241963,0.46519216823785353,0.17730239303843365,0.5184191443074692,0.48158085569253084
10803,157143,0.17082334132693844,0.7525179856115108,0.03269384492406075,0.5038369304556355,0.4961630695443645
10804,182396,0.1270602140652702,0.8193578041893755,0.03165014117801563,0.5033817059557424,0.49661829404425767
10805,72138,0.24575827398408043,0.5247172182656054,0.20166527021365732,0.5514767490573942,0.44852325094260576
10901,96460,0.11736620513043101,0.7953904249316377,0.05703372542211033,0.5178610182733625,0.48213898172663744
10910,NA,NA,NA,NA,NA,NA
10911,NA,NA,NA,NA,NA,NA
10913,151279,0.09083743842364532,0.8719211822660099,0.012610837438423646,0.5067980295566502,0.49320197044334974
10914,98661,0.27946127946127947,0.7205387205387206,0,0.4882154882154882,0.5117845117845118
10915,NA,0,1,0,0.6235294117647059,0.3764705882352941
10916,104583,0.02022058823529412,0.9393382352941176,0.03010110294117647,0.49724264705882354,0.5027573529411765
10917,111677,0.07814269535673839,0.7383918459796149,0.144960362400906,0.46772366930917325,0.5322763306908267
10918,108073,0.10266339998419347,0.7581601201296135,0.10780052161542718,0.5171105666640322,0.48288943333596773
10919,105321,0.028481012658227847,0.919831223628692,0.05168776371308017,0.4451476793248945,0.5548523206751055
10920,120378,0.13741046831955922,0.7651790633608816,0.06776859504132231,0.5062258953168044,0.4937741046831956
10921,91875,0.066421632974534,0.8170123391966395,0.066421632974534,0.5045943817274875,0.49540561827251245
10922,79832,0.10934636530238241,0.7568723274282224,0.11728772144166158,0.5302382406841784,0.46976175931582165
10923,77303,0.2033151732931494,0.498087400023183,0.2506085545380781,0.5128086240871682,0.4871913759128318
10924,105000,0.07632514065738821,0.832987859046491,0.06699733491264435,0.48593426117856087,0.5140657388214391
10925,78893,0.04983388704318937,0.9386659851776131,0.0020444671607462305,0.46511627906976744,0.5348837209302325
10926,85288,0.30233853006681516,0.5512249443207127,0.11219376391982183,0.4760579064587973,0.5239420935412027
10927,63191,0.12225445503522586,0.4099461251554082,0.4260256941566515,0.49946125155408205,0.500538748445918
10928,84267,0.2612786489746683,0.6277442702050663,0.040530759951749096,0.49095295536791317,0.5090470446320868
10930,136303,0.1436604774535809,0.800212201591512,0.03883289124668435,0.47257294429708224,0.5274270557029178
10931,69844,0.27078891257995735,0.40405117270788915,0.21641791044776118,0.5405117270788913,0.4594882729211087
10932,NA,0,0.8137254901960784,0.18627450980392157,0.696078431372549,0.30392156862745096
10933,95673,0.0497335701598579,0.9502664298401421,0,0.6269982238010657,0.37300177619893427
10940,62486,0.21171987255575686,0.5861810457924658,0.1434580704275213,0.5127340122029945,0.4872659877970055
10941,76676,0.30958943856085885,0.5332946467430727,0.07688959814304366,0.48556506600899463,0.5144349339910054
10950,76827,0.059612781733655036,0.8681613997920713,0.05559151807607054,0.4854547951117127,0.5145452048882874
10952,59304,0.0673275800584837,0.909278938734755,0.01288543375413071,0.508998407151178,0.491001592848822
10953,NA,0,1,0,0.7706422018348624,0.22935779816513763
10954,107077,0.28446208189786754,0.6475513497012777,0.035803061357987005,0.5220007849635864,0.47799921503641357
10956,142912,0.20493047167766112,0.7410882963238254,0.03202328966521106,0.516925268667348,0.483074731332652
10958,104150,0.14160891834890027,0.8101837902982826,0.030430852666465804,0.4471226272973787,0.5528773727026213
10960,87479,0.258750078829539,0.665762754619411,0.0425048874314183,0.5362931197578357,0.46370688024216433
10962,112875,0.2121312562147829,0.7474312230692741,0.022704673516738483,0.45177328471992045,0.5482267152800796
10963,76118,0.17628705148205928,0.6489859594383776,0.09516380655226209,0.3672832627590818,0.6327167372409183
10964,175234,0.11274509803921569,0.8782679738562091,0,0.49836601307189543,0.5016339869281046
10965,111250,0.10576799279000901,0.8438908201364749,0.037208703489120636,0.5141624822968971,0.48583751770310285
10968,123580,0.10583333333333333,0.8683333333333333,0,0.48833333333333334,0.5116666666666667
10969,107093,0.08954100827689992,0.8946576373212942,0,0.436418359668924,0.563581640331076
10970,87895,0.2633406070224162,0.5152747470739932,0.12983535012894268,0.5371950009918667,0.4628049990081333
10973,99375,0.10609116579265833,0.8221056877773296,0.03146430012101654,0.47236789027833803,0.527632109721662
10974,103942,0.0683947532792005,0.8847595252966896,0.026545908806995627,0.49968769519050593,0.5003123048094941
10975,75625,0,0.795,0.055,0.49,0.51
10976,59864,0.14150943396226415,0.7448542024013722,0.09862778730703259,0.5728987993138936,0.42710120068610635
10977,54759,0.2673349662826212,0.5754331851583053,0.1408569959781064,0.48790407934923946,0.5120959206507605
10979,NA,0,1,0,0.2345679012345679,0.7654320987654321
10980,110625,0.15428202553435663,0.7593602065700761,0.0635489886673361,0.5169272701190647,0.4830727298809353
10983,118708,0.14652442073678945,0.7716286047674612,0.030338389731621937,0.5250875145857643,0.4749124854142357
10984,127344,0.2093940480458946,0.6532807457870204,0.10756543564001435,0.5231265686626031,0.4768734313373969
10985,181211,0,1,0,0.7037037037037037,0.2962962962962963
10986,176250,0.03580832016850974,0.9020537124802528,0.020537124802527645,0.5186940494997367,0.4813059505002633
10987,129167,0.06954225352112677,0.8705985915492958,0.04841549295774648,0.49471830985915494,0.5052816901408451
10988,92031,0.015723270440251572,0.8710691823899371,0.050314465408805034,0.5377358490566038,0.46226415094339623
10989,113135,0.18966509379675453,0.7171135918978018,0.04902750604212222,0.5337783404304293,0.46622165956957073
10990,103642,0.061308908258236074,0.8926478554193136,0.028266115132712856,0.5237110356034865,0.4762889643965135
10992,105245,0.09914529914529914,0.8166666666666667,0.06442307692307692,0.5061965811965812,0.4938034188034188
10993,47383,0.2708723714345201,0.539454507599417,0.13907974182802416,0.5053091817613992,0.4946908182386009
10994,164464,0.09383450513791239,0.8339643050297458,0.03623580313683072,0.4998647917793402,0.5001352082206598
10996,115217,0.13018956603477988,0.7660974463418455,0.02600657997806674,0.34732884223719257,0.6526711577628075
10998,89135,0.011581834806461445,0.8786955196586407,0.09174032307223408,0.47180737580006094,0.5281926241999391
11001,113300,0.27636415545483745,0.6440169872595554,0.06009778380500339,0.5050497840905036,0.49495021590949645
11003,104349,0.6187068114511353,0.22063178677196446,0.11181907924257381,0.5065960692811631,0.4934039307188369
11004,95436,0.5010597430123195,0.4100543118293814,0.042124784739700626,0.5174195257650019,0.482580474234998
11005,55313,0.023877202956225127,0.9761227970437749,0,0.6873223422399091,0.312677657760091
11010,111135,0.10164835164835165,0.7714124111182935,0.11130413703943115,0.5068681318681318,0.49313186813186816
11020,158295,0.5304814686525805,0.4355732594388639,0.019050917907862834,0.47990994111534463,0.5200900588846553
11021,102596,0.2737736366127706,0.6803507810359003,0.025267196492189642,0.5402027952863798,0.4597972047136202
11023,130061,0.11074078056122998,0.868508762498656,0.011074078056122998,0.5042468551768627,0.4957531448231373
11024,128450,0.0765476496275366,0.8417672745954277,0.062034420755201644,0.42537888517852557,0.5746211148214745
11030,200703,0.18608031004413822,0.7801700936591668,0.012326407578856712,0.5290666379588761,0.4709333620411239
11040,129344,0.40130313521831124,0.4971629159453741,0.07414887478361223,0.5281304096941719,0.47186959030582803
11042,NA,0.2885375494071146,0.6818181818181818,0.015810276679841896,0.5948616600790514,0.4051383399209486
11050,133882,0.1370688803241427,0.7867048786111934,0.06262147115986429,0.5130282966037487,0.4869717033962513
11096,60675,0.24874431954077972,0.4390098062664434,0.30243960774934225,0.5001195886151638,0.4998804113848362
11101,75581,0.40617228846521714,0.42023209845055154,0.12417904737613977,0.5012433845565262,0.4987566154434738
11102,71382,0.25239519951591755,0.6013043332100716,0.10959088311426363,0.5064376239620803,0.4935623760379198
11103,76234,0.16763439366578692,0.7015140991804417,0.09579108209473539,0.5102375329906932,0.48976246700930687
11104,67751,0.26618619096918056,0.6293302540415704,0.07107589392370789,0.5083618698733774,0.4916381301266226
11105,79883,0.14033474839791255,0.7697320390449666,0.05559311034799773,0.4891166211502582,0.5108833788497418
11106,68530,0.2896524276996551,0.5333775537277793,0.1286282833642876,0.5200849031573361,0.4799150968426638
11109,160625,0.31270903010033446,0.6501672240802676,0.00568561872909699,0.5028428093645485,0.4971571906354515
11201,129248,0.25983779860519424,0.6425257975953801,0.039524756224557415,0.5246299977910316,0.4753700022089684
11203,54457,0.9099822566866005,0.04421370835250049,0.029348754682263258,0.5559702963790497,0.44402970362095023
11204,53093,0.3452320178022122,0.5674978728974409,0.0663525099810197,0.49618430525557955,0.5038156947444205
11205,58872,0.379523087761245,0.5138227696774331,0.06711781909783746,0.5396323890442543,0.4603676109557458
11206,39753,0.3213340571351021,0.4643980004976137,0.17443622627852798,0.5138087806202076,0.48619121937979237
11207,39382,0.673605392883414,0.1510051271916823,0.15185050997441893,0.5561630600660936,0.44383693993390644
11208,42403,0.6003474381372578,0.27229476967417804,0.10651150395309585,0.5319356844630008,0.4680643155369992
11209,77917,0.16843704818388364,0.7325986250036883,0.05862913457850167,0.5223215602962439,0.4776784397037562
11210,69385,0.6281914482332018,0.3165854790071909,0.037640145364571255,0.5441892832289492,0.4558107167710508
11211,81228,0.12607274807753846,0.7491054371963577,0.09046478477158344,0.4983757260746875,0.5016242739253125
11212,26521,0.8109648832749157,0.08443885986376562,0.07331525692745189,0.5842603002446928,0.41573969975530717
11213,44831,0.677642567406347,0.24311023622047245,0.045991410164638515,0.5447536387497017,0.45524636125029827
11214,56911,0.392578040671819,0.4794697983679461,0.09721082854799015,0.5051163593972626,0.4948836406027374
11215,132091,0.12886236457573025,0.7727877721008115,0.04299228600460836,0.5203726761409987,0.4796273238590013
11216,67795,0.5959401931263628,0.3126016682241373,0.043470736856678086,0.5357352992074205,0.46426470079257953
11217,119375,0.2886183722765647,0.5805371535168489,0.08184057589744816,0.5244541171406022,0.4755458828593978
11218,73470,0.271222018145913,0.6062171157112674,0.07747227707732036,0.49984118873682903,0.500158811263171
11219,40683,0.2530574794955858,0.6668158574929227,0.07045909747009656,0.5014825838359199,0.4985174161640801
11220,50191,0.44693570891918,0.3112911881506923,0.21214983363743695,0.49616829451540195,0.503831705484598
11221,56900,0.5104534216653465,0.27692566189001705,0.17415568517318356,0.5203547682484818,0.4796452317515182
11222,93488,0.08157951833369495,0.8251518767628553,0.04605120416576264,0.512936645693209,0.48706335430679104
11223,54023,0.30386543470781935,0.568314739273603,0.09401877426647663,0.5098663193591193,0.4901336806408807
11224,32549,0.2977180914947047,0.5731848455071514,0.09815482039523965,0.554034283218692,0.44596571678130803
11225,59820,0.6397755852195782,0.2848801421059111,0.04261418596880001,0.5416732619286305,0.45832673807136953
11226,58257,0.7136443078406557,0.15992687679543582,0.10398963418308925,0.5396452319251089,0.460354768074891
11228,72902,0.38996121583836924,0.5381753404888608,0.048412555244881396,0.5101019211689366,0.4898980788310634
11229,64631,0.2943370348536436,0.6376640719931664,0.03920884514972509,0.5177757191496529,0.4822242808503471
11230,53070,0.21183203891384855,0.711083249167044,0.04701703061331104,0.5156201023926444,0.48437989760735556
11231,99643,0.2254052912288113,0.6630670116702752,0.06083328932777103,0.5436711200295717,0.45632887997042826
11232,61200,0.27306091562618234,0.44827847143397653,0.23439273552780931,0.4701097237987136,0.5298902762012864
11233,44905,0.7905940407104822,0.10951799493951334,0.077556364002568,0.5379347675574969,0.462065232442503
11234,85807,0.5284067825603523,0.4123954925481643,0.04280796287980841,0.5315607158894092,0.4684392841105908
11235,54646,0.15944144715963185,0.7545287210409394,0.04896223421136147,0.5203300539511266,0.47966994604887336
11236,70793,0.8879854031970171,0.05726666931101503,0.040676688746975526,0.5648724763000278,0.4351275236999722
11237,53303,0.21953515017595548,0.37185939929617806,0.3697315655945658,0.4842049267534168,0.5157950732465831
11238,91846,0.4018837167179859,0.49885890237275854,0.04196703495743525,0.5371309545372215,0.46286904546277846
11239,29172,0.6451612903225806,0.29682117131224556,0.04580331976197933,0.6032727842154714,0.39672721578452863
11351,NA,NA,NA,NA,NA,NA
11354,40786,0.6747634304448252,0.19951940988003874,0.09486997988227405,0.5403099619998509,0.459690038000149
11355,42507,0.7651721881289589,0.1240692950720486,0.0895205403336338,0.5204909429908504,0.47950905700914964
11356,61859,0.3511960500553333,0.3149314718651571,0.28794585851706817,0.5117051161998808,0.4882948838001192
11357,85818,0.24031263481107418,0.6857918643895754,0.04905219884792042,0.5256426523206537,0.4743573476793463
11358,68848,0.48884020265644257,0.41550047925510064,0.06854717239490621,0.5090236888949746,0.4909763111050253
11359,NA,NA,NA,NA,NA,NA
11360,83063,0.3829798459428089,0.570380922232774,0.03128627202701277,0.5536034610108684,0.44639653898913156
11361,87892,0.4572626006396824,0.4852762766074777,0.04304988787176942,0.5111944413808316,0.4888055586191684
11362,93333,0.45074415308291993,0.4882516491304585,0.03320067600719621,0.5263043122717113,0.47369568772828874
11363,101019,0.3561161217587373,0.5770856820744081,0.04129086809470124,0.5211386696730552,0.4788613303269448
11364,82028,0.5494684522987713,0.4003037415435593,0.030484605826315063,0.5131023056744443,0.4868976943255557
11365,67642,0.5436765166078055,0.3326031561536054,0.07633331843175824,0.5307344986365059,0.4692655013634941
11366,84301,0.49867688022284123,0.4183844011142061,0.05306406685236769,0.5321727019498608,0.4678272980501393
11367,63546,0.3506928434489286,0.5468973718057611,0.05649525566044604,0.5122187977770767,0.4877812022229233
11368,54211,0.22212904146741846,0.3643833416601242,0.3874098922275355,0.4776514881164799,0.52234851188352
11369,54184,0.3062164480162638,0.2595533814046568,0.3993837552809631,0.4971570153425876,0.5028429846574124
11370,63706,0.38280557314756175,0.4208359721342622,0.1752374920835972,0.41092463584547184,0.5890753641545282
11371,NA,NA,NA,NA,NA,NA
11372,60659,0.24273713685684284,0.544197664428676,0.1764724599866357,0.499729531931142,0.500270468068858
11373,54584,0.5142370045638891,0.1789870495674365,0.2827917024047778,0.5046538962482925,0.4953461037517075
11374,66795,0.3591835796538488,0.5342358700898706,0.05196864872319397,0.5337302043349346,0.4662697956650654
11375,84713,0.317003039680149,0.600104061122217,0.03373771120300134,0.5349152449544048,0.4650847550455952
11377,58948,0.4055949895615866,0.4724485535341485,0.08957948106173576,0.490712794512377,0.5092872054876231
11378,77710,0.1256619250337452,0.7188246288028242,0.12010694631917765,0.5142768144533278,0.4857231855466722
11379,83883,0.12439788370929956,0.7784212050222421,0.07125371798583875,0.5285725566581558,0.4714274433418441
11385,75340,0.09311106163494007,0.8095291105421352,0.07104159709080114,0.5031262755575346,0.4968737244424654
11411,98207,0.9318499927602684,0.03238573290216709,0.02133307592065254,0.533906076548096,0.46609392345190404
11412,81608,0.9140449586602214,0.02504160393058087,0.04152468499881132,0.5412473254616055,0.45875267453839447
11413,93432,0.9317406962785114,0.024177671068427373,0.02969987995198079,0.5347659063625451,0.465234093637455
11414,75471,0.0687316780277611,0.8049659167167026,0.07085084590117614,0.5173595168297248,0.48264048317027514
11415,70900,0.24403154941506539,0.6067968874067016,0.11158752845270234,0.5198771901963898,0.48012280980361016
11416,73370,0.39451839664971583,0.28294196829195334,0.2515330541429853,0.49824259647023633,0.5017574035297637
11417,76868,0.3769675297723572,0.3617062035056352,0.2077200600236263,0.5314645126273108,0.46853548737268924
11418,68920,0.32748340059888037,0.39476630647051164,0.21736753026949615,0.49339929696654083,0.5066007030334592
11419,75835,0.5127250925179351,0.09580516446484319,0.32704831607021023,0.4962062478033451,0.5037937521966549
11420,79273,0.5932799662945017,0.16688434800926902,0.18051400884769328,0.5026332420476091,0.497366757952391
11421,73107,0.24760611863954812,0.41397784296138274,0.26755715012969383,0.4992848658214346,0.5007151341785654
11422,88130,0.8735691828698757,0.06397851103446171,0.03907084643325906,0.5468697536705229,0.4531302463294771
11423,71194,0.6796439011427053,0.13011559925591284,0.14609354238639383,0.5122242891310125,0.4877757108689875
11424,NA,NA,NA,NA,NA,NA
11425,NA,NA,NA,NA,NA,NA
11426,98987,0.502387448840382,0.3702494640420971,0.08692262716819334,0.5057006431494835,0.49429935685051646
11427,79385,0.5571661237785016,0.26795602605863195,0.1267100977198697,0.5007736156351792,0.49922638436482086
11428,78368,0.4820025483117435,0.20975791038437036,0.1967509025270758,0.5077511148863878,0.49224888511361226
11429,88300,0.7853864646317477,0.03930210533984119,0.14540686238799447,0.5339112697603263,0.4660887302396736
11430,NA,0.7038834951456311,0.1650485436893204,0.13106796116504854,0,1
11432,62148,0.5953591813247484,0.18665920154279228,0.1705469758472138,0.5322633322446695,0.46773666775533057
11433,54253,0.7418222090165042,0.042894573350260666,0.19248534615488508,0.543124172766808,0.456875827233192
11434,64087,0.8906599900472755,0.03609417765613337,0.04861283901468027,0.5490171684498631,0.45098283155013685
11435,66137,0.48479154433352906,0.178508514386377,0.2977770321281772,0.5006626960825434,0.49933730391745657
11436,75222,0.721865706683362,0.05159910262430219,0.16992747952209528,0.5046173110032869,0.4953826889967131
11451,NA,NA,NA,NA,NA,NA
11501,101339,0.14606798837979715,0.722083481983589,0.10916874777024617,0.5056826869170786,0.4943173130829214
11507,133324,0.3645674740484429,0.6065051903114187,0.007197231833910035,0.49356401384083043,0.5064359861591695
11509,126836,0.0328125,0.94375,0.009375,0.496875,0.503125
11510,115822,0.38328478332682664,0.5181536983092585,0.046848253701312355,0.5119973572779963,0.48800264272200367
11514,82344,0.12824882829143588,0.7196420962931401,0.12207072858968897,0.5127822752449936,0.4872177247550064
11516,109053,0.032419967444384155,0.9290558871405318,0.03472599023331525,0.5324199674443841,0.46758003255561587
11518,90417,0.09890661049252683,0.8641789547597553,0.020062192797672785,0.5048650817534357,0.49513491824656436
11520,82200,0.31437911506054605,0.43376766886136564,0.12030940651042865,0.5309406510428657,0.4690593489571343
11530,168019,0.07104708362614195,0.8874560787069571,0.023963457484188336,0.516514406184118,0.48348559381588196
11542,80607,0.14304664252679883,0.6805650163123365,0.14921306420965832,0.5199870935360126,0.48001290646398737
11545,163606,0.10361789907965725,0.834893684544589,0.0512535702951444,0.4804823865439543,0.5195176134560457
11547,80833,0.12334801762114538,0.8766519823788547,0,0.5389133627019089,0.461086637298091
11548,135385,0.3347022587268994,0.5824777549623545,0.05509924709103354,0.5393566050650239,0.460643394934976
11549,NA,0.23724580806278986,0.6482340349625402,0.024616482340349626,0.5890117731002498,0.4109882268997503
11550,64155,0.4685369281215843,0.1638300456288277,0.31957528756571074,0.5285483787019206,0.47145162129807944
11552,122367,0.2944435522723623,0.5951903003051229,0.07981371446924683,0.49297414485305924,0.5070258551469408
11553,79872,0.45209948568358027,0.34812312888615954,0.11917555845551547,0.5173102018883856,0.48268979811161433
11554,106409,0.1990060217202661,0.6822162034237029,0.0921139130663441,0.5144232033448158,0.4855767966551842
11556,NA,NA,NA,NA,NA,NA
11557,127583,0.15993907083015993,0.7543792840822544,0.08073115003808073,0.546077684691546,0.45392231530845395
11558,96368,0.045126993502658,0.8483165977554636,0.08080330773774365,0.4297696396928529,0.570230360307147
11559,97392,0.043212890625,0.8642578125,0.092529296875,0.5709228515625,0.4290771484375
11560,140568,0.04228520017993702,0.9175288648972859,0.02834008097165992,0.537561853351327,0.46243814664867294
11561,99240,0.10263478767958437,0.8281291417059853,0.043418332184700204,0.5217356730106558,0.47826432698934424
11563,99947,0.0795656736164971,0.825813221406086,0.06587891783384278,0.5185455540854966,0.4814544459145034
11565,128301,0.09953271028037383,0.8410046728971963,0.019275700934579438,0.5391355140186916,0.4608644859813084
11566,152337,0.07209504665326573,0.9040832858300081,0.007740541837928655,0.4982448771413999,0.5017551228586001
11568,214250,0.2816622691292876,0.645778364116095,0.018909410729991204,0.5310026385224275,0.46899736147757254
11569,156750,0,1,0,0.44136078782453,0.55863921217547
11570,117107,0.13398692810457516,0.8015348461481971,0.04292428581919659,0.5155687743262098,0.4844312256737901
11572,118480,0.05485073350887392,0.9027459562972335,0.02657046130697945,0.50261601066922,0.49738398933078004
11575,90577,0.6247380675203725,0.16973224679860302,0.12334109429569266,0.5112339930151338,0.4887660069848661
11576,182199,0.1874898981735898,0.7648294811701956,0.034750282851139486,0.5261839340552772,0.4738160659447228
11577,149091,0.20890274114920482,0.7543354910892671,0.026452489411012546,0.5268121153999841,0.473187884600016
11579,134107,0.026658995013425394,0.9215573456079785,0.03605677023398542,0.5141925584963559,0.485807441503644
11580,110575,0.4776227029541754,0.33438008839264943,0.14061409630146546,0.5288671784135845,0.47113282158641545
11581,117200,0.3455079379645774,0.528677617692943,0.08929063044874737,0.512296962466734,0.48770303753326605
11590,106959,0.31357815641866865,0.46070483649063393,0.19760821250926025,0.5177690760927082,0.4822309239072918
11596,137500,0.17995554266937278,0.7826423117811926,0.016139943945104863,0.5160916207596404,0.4839083792403595
11598,145139,0.06917389449736955,0.9124840039812313,0.01542727143466515,0.4909711360727997,0.5090288639272004
11691,50267,0.5057992792845367,0.3698700086077353,0.09424740673737654,0.5369038413842405,0.4630961586157594
11692,46819,0.6592371115339313,0.22284135181661682,0.09649361239467247,0.5266376732807828,0.4733623267192172
11693,60569,0.26259270704573545,0.6127163164400494,0.07509270704573548,0.5200092707045736,0.47999072929542647
11694,84485,0.10499009527403075,0.8205357985095746,0.06310725403263844,0.4882558249221772,0.5117441750778229
11697,105750,0.012792596624931955,0.949918345127926,0.03728905824714208,0.5560696788241698,0.44393032117583014
11701,86447,0.37520713605753975,0.40492895673941404,0.18545287875048477,0.5263547579593132,0.4736452420406868
11702,130337,0.024987612373469244,0.9485382600693707,0.007786508105047073,0.4986196644722871,0.5013803355277129
11703,93938,0.1176251628512935,0.7951485824182641,0.05806811836962591,0.5379986351510639,0.46200136484893606
11704,95912,0.18061079012530953,0.7350491483454641,0.06370525999849928,0.5140191591005727,0.4859808408994272
11705,112193,0.04066830721409144,0.9290247377282735,0.0016837197254241678,0.49268229503950267,0.5073177049604973
11706,91204,0.20998231020014327,0.5681203491177029,0.1758600020467537,0.5029604830338738,0.49703951696612625
11709,108951,0.018114328136599852,0.947735708982925,0.014699331848552339,0.49265033407572384,0.5073496659242762
11710,136281,0.06918057400242536,0.8793382225558699,0.02783392042501588,0.5141479471040018,0.48585205289599814
11713,84038,0.24367939752555137,0.6796126949973104,0.019795589026358258,0.4981172673480366,0.5018827326519634
11714,114095,0.1058000967415681,0.8534804977793413,0.02370168418275362,0.511279187370828,0.488720812629172
11715,122639,0.005673139864717434,0.9807986035348025,0.004363953742090334,0.5101461924503601,0.48985380754964
11716,93317,0.044780697270217766,0.929557304979041,0.02300378284428995,0.49851753399447907,0.5014824660055209
11717,82237,0.17743967743967745,0.6072891072891073,0.17468342468342468,0.5134662634662635,0.48653373653373655
11718,127931,0.021463414634146343,0.943739837398374,0.021788617886178863,0.5008130081300813,0.4991869918699187
11719,68616,0.08064984044096316,0.8682912677690745,0.010443864229765013,0.5091383812010444,0.4908616187989556
11720,109550,0.10058339776481338,0.8552400365502214,0.023546777254516062,0.5095944331201238,0.4904055668798763
11721,141976,0.0513676844783715,0.9406806615776081,0,0.5154262086513995,0.4845737913486005
11722,75021,0.2904510947989209,0.5279816801555932,0.15029173724825898,0.4971139971139971,0.5028860028860029
11724,250001,0.1137007874015748,0.8440944881889764,0.011338582677165355,0.5247244094488189,0.4752755905511811
11725,133893,0.06487277180568785,0.9144441420601442,0.004864607429582256,0.505851136209008,0.494148863790992
11726,75085,0.19367588932806323,0.5621887993429495,0.1960884964837534,0.4876546378522663,0.5123453621477337
11727,82655,0.20275087436104386,0.7429042238364272,0.03208232445520581,0.5099206349206349,0.49007936507936506
11729,94387,0.23469837076177896,0.6730148246000294,0.05434463525612799,0.5121825921033318,0.4878174078966681
11730,122826,0.040035131376710824,0.9222718290273,0.03579009002415282,0.4889116592256459,0.511088340774354
11731,120619,0.059600473123932185,0.9150348271783414,0.010021027730319359,0.49917860428440003,0.5008213957155999
11732,119028,0.058384430818448414,0.8826979472140762,0.014396161023727006,0.5297254065582512,0.4702745934417489
11733,155455,0.11917130110615413,0.8532665159200635,0.011550449184134939,0.48903012894945913,0.5109698710505408
11735,109858,0.13271176939190985,0.8097247219189804,0.03183548225297259,0.5086005959932729,0.49139940400672705
11738,110232,0.07472735366125083,0.8799799688404184,0.016303138215001112,0.4848653460939239,0.5151346539060762
11739,153958,0,0.9967248908296943,0,0.4465065502183406,0.5534934497816594
11740,124527,0.08738264727122666,0.8737233054781801,0.010110388940472505,0.5232642112864954,0.4767357887135046
11741,107220,0.0773329330981952,0.9057446249671682,0.0030017635360774456,0.5036583993095944,0.4963416006904056
11742,107056,0.10580479176716513,0.8617141019456505,0.021788068821353916,0.5126226081363563,0.48737739186364365
11743,128187,0.09100243564640145,0.8564878934046516,0.030517216677014184,0.5051817183246573,0.49481828167534264
11746,116560,0.16072086409383612,0.7089430175500641,0.11203454017653212,0.4907534297039624,0.5092465702960376
11747,126607,0.08847331583552057,0.8861548556430446,0.006124234470691163,0.5443460192475941,0.45565398075240593
11749,93555,0.21580365160131698,0.6489075127207423,0.08051481592337624,0.5393594732116133,0.4606405267883867
11751,109958,0.05120860695822272,0.9077825904708677,0.025289925946625682,0.5085929858879419,0.4914070141120581
11752,106467,0.05188483844241922,0.9076222038111019,0.01563794531897266,0.5084921292460646,0.49150787075393537
11753,175724,0.3212257913976822,0.63747374970833,0.014777941977133079,0.513494594384382,0.48650540561561795
11754,101710,0.04981611501170177,0.910174969352502,0.02540956201939151,0.5398417474646161,0.46015825253538395
11755,116788,0.07032862359104619,0.8895062708366407,0.02468645816796317,0.4896809017304334,0.5103190982695666
11756,125486,0.08870782120333287,0.8122036551120931,0.06801546747686783,0.5123831883257377,0.4876168116742623
11757,96369,0.06671474936891453,0.845879913451136,0.06013342949873783,0.5013974035340786,0.49860259646592137
11758,120149,0.06183809180986302,0.9171324100562681,0.013640755546293314,0.5165488888467878,0.4834511111532122
11762,132426,0.02361570802397352,0.9429734323284731,0.008990070668217193,0.5099740585025494,0.4900259414974506
11763,88438,0.13076034850764548,0.8351236922215612,0.014906049896777355,0.5267504111410476,0.47324958885895235
11764,131332,0.014713812495185271,0.9619443802480548,0,0.48986980972190125,0.5101301902780988
11765,250001,0.12148337595907928,0.860613810741688,0.017902813299232736,0.5153452685421995,0.4846547314578005
11766,133050,0.03302047781569966,0.9276450511945392,0.008447098976109214,0.4983788395904437,0.5016211604095563
11767,116599,0.048822899946495454,0.9119850187265918,0.03471107544141252,0.5093632958801498,0.49063670411985016
11768,136549,0.020650783877232036,0.9728603230237295,0.0011841045801165159,0.5193009046558992,0.48069909534410077
11769,103864,0.02422062350119904,0.9507194244604317,0.005995203836930456,0.5305755395683454,0.4694244604316547
11770,NA,0,1,0,0.35714285714285715,0.6428571428571429
11771,121481,0.06109289617486339,0.9161748633879782,0.01377049180327869,0.5355191256830601,0.4644808743169399
11772,80219,0.07542780109151791,0.88769541866887,0.023308908264660477,0.505229283990346,0.49477071600965405
11776,101793,0.058637274549098194,0.8769939879759518,0.05430861723446894,0.5381162324649299,0.46188376753507016
11777,115184,0.09847896080826024,0.8714333296325081,0.010991451093593872,0.5022760075496836,0.4977239924503164
11778,97790,0.017299892393013824,0.9304693320089397,0.040890654747123584,0.49913086665011175,0.5008691333498883
11779,98450,0.10553162248592647,0.8413986309696858,0.017548960012685993,0.503396146628961,0.4966038533710389
11780,125610,0.06689856512826883,0.9098080626125846,0.009565811541089509,0.5018945276104105,0.4981054723895894
11782,116893,0.033210825258937524,0.9468760441029068,0.0018710324089542265,0.5105913798864016,0.48940862011359837
11783,134229,0.027208646616541352,0.9557330827067669,0.004323308270676692,0.5040883458646617,0.49591165413533833
11784,93050,0.11477286182263094,0.822946678770178,0.03706042546473537,0.5068082251253108,0.4931917748746892
11786,133111,0.08035854694134298,0.8905488284321434,0.008649158672747287,0.4901714105991508,0.5098285894008492
11787,128250,0.043169653246451015,0.9362054922038632,0.009134279730044216,0.5034035373516407,0.4965964626483593
11788,116468,0.12163058553940782,0.8488813845504433,0.017909907736838933,0.48730627751311584,0.5126937224868842
11789,102052,0.049271172147933986,0.9220575834236839,0.018311046861823877,0.5352367184676545,0.4647632815323455
11790,130607,0.257339343504392,0.7057327785483125,0.010402219140083218,0.4668862690707351,0.533113730929265
11791,174675,0.2977616223455137,0.668337478477138,0.01610866653912378,0.4963458963076334,0.5036541036923665
11792,145341,0.018209601426206545,0.9686743919521202,0.00865911116770661,0.49980899019483,0.50019100980517
11793,139543,0.026792415886173024,0.9545410044708417,0.005025617596188363,0.5148647325653494,0.48513526743465063
11794,NA,0.5770502645502645,0.3210978835978836,0.011904761904761904,0.4728835978835979,0.5271164021164021
11795,125691,0.021957618567103935,0.9642785065590312,0.0032694248234106963,0.5197174571140263,0.4802825428859738
11796,114408,0.028846153846153848,0.9451923076923077,0.012980769230769231,0.5302884615384615,0.46971153846153846
11797,182569,0.18132113367551886,0.8067395670609239,0.004798036152644499,0.5242133452354385,0.4757866547645615
11798,81378,0.6390608180839612,0.21145048439181915,0.09882938643702906,0.5315527448869752,0.46844725511302476
11801,110302,0.2948768864177919,0.6227412629070691,0.04045869737887212,0.4932982525814138,0.5067017474185862
11803,147469,0.1606241234221599,0.8189340813464235,0.009642356241234221,0.5078541374474054,0.4921458625525947
11804,112946,0.09548276600299721,0.8805394990366089,0,0.4966816527510169,0.5033183472489831
11901,66438,0.19008701166026704,0.7135660689752351,0.06238771268538416,0.4859971113537887,0.5140028886462112
11930,102639,0,0.9705215419501134,0.007936507936507936,0.5102040816326531,0.4897959183673469
11931,NA,0,1,0,0.7692307692307693,0.23076923076923078
11932,103056,0.28035714285714286,0.70625,8.928571428571428e-4,0.4973214285714286,0.5026785714285714
11933,77061,0.08948515390901661,0.8687006265322801,8.172160174339417e-4,0.5171615363661127,0.4828384636338872
11934,106892,0.05010548523206751,0.9005801687763713,0.034282700421940926,0.5304588607594937,0.46954113924050633
11935,102688,0.006329113924050633,0.9876582278481013,0.005379746835443038,0.5221518987341772,0.4778481012658228
11937,97961,0.05998636673483299,0.9257606742269319,0.008303897874450022,0.5177542294106712,0.4822457705893289
11939,79408,0.016016016016016016,0.9569569569569569,0,0.5485485485485485,0.45145145145145144
11940,104583,0.03850325379609545,0.9325741142443963,0.005061460592913955,0.47360809833694867,0.5263919016630514
11941,123125,0.017807456872565387,0.9565943238731218,0,0.5442404006677797,0.4557595993322204
11942,92250,0.027831465017394665,0.9690761499806726,0.0011596443757247777,0.5572091225357557,0.4427908774642443
11944,58939,0.09493818521110334,0.853743876836949,0.03568929321203639,0.5791929087940284,0.42080709120597154
11946,83301,0.017019348993722903,0.8806704199831747,0.08451433378631981,0.5017795897236782,0.49822041027632175
11947,NA,0,1,0,0.6502057613168725,0.3497942386831276
11948,NA,0,1,0,0.3619718309859155,0.6380281690140845
11949,96505,0.062354651162790695,0.8824854651162791,0.023037790697674417,0.4680232558139535,0.5319767441860465
11950,95278,0.1425443930917052,0.8065555825833131,0.02681829238628071,0.5201289224033082,0.4798710775966918
11951,74100,0.06215904725316942,0.9011909335382251,0.008759124087591242,0.5243180945063388,0.4756819054936612
11952,92042,0.002594810379241517,0.9958083832335329,7.984031936127744e-4,0.5043912175648703,0.49560878243512974
11953,85103,0.19618908024917553,0.7747893001099304,0.014657383657017223,0.5376328325393918,0.4623671674606083
11954,96389,0.007327001356852103,0.9318860244233379,0.04260515603799186,0.4369063772048847,0.5630936227951153
11955,65724,0.0816435432230523,0.8772678762006404,2.6680896478121667e-4,0.5338847385272145,0.4661152614727855
11956,69886,0.048,0.952,0,0.472,0.528
11957,70000,0.025149700598802394,0.9401197604790419,0.01437125748502994,0.5101796407185629,0.48982035928143713
11958,92179,0,1,0,0.48828125,0.51171875
11959,69167,0.07339449541284404,0.9119266055045872,0,0.5027522935779817,0.4972477064220184
11960,138833,0,1,0,0.5014164305949008,0.4985835694050991
11961,70244,0.11393582390327081,0.8681599751976438,0.008758332041543946,0.5553402573244458,0.4446597426755542
11962,113182,0,1,0,0.5,0.5
11963,87688,0.08043569333891915,0.8983382209188661,0.009216589861751152,0.5066331517944421,0.4933668482055579
11964,82768,0.031496062992125984,0.90302527973477,0.06547865727310402,0.5014504765851637,0.4985495234148363
11965,123635,0.042105263157894736,0.9578947368421052,0,0.3078947368421053,0.6921052631578948
11967,86953,0.1143821354204064,0.8573633948445466,0.01199109643139226,0.5259926760967905,0.4740073239032096
11968,106271,0.0815822002472188,0.8990206332604355,0.00541979651992013,0.5272416088238091,0.47275839117619095
11970,NA,0.14622641509433962,0.8537735849056604,0,0.5424528301886793,0.45754716981132076
11971,76250,0.027547295054762694,0.958679057417856,0.013773647527381347,0.502323265847992,0.49767673415200797
11972,89531,0.08667883211678833,0.8895985401459854,0.02281021897810219,0.4406934306569343,0.5593065693430657
11973,NA,0.475,0.525,0,0.45,0.55
11975,142969,0.11029411764705882,0.8713235294117647,0.007352941176470588,0.47058823529411764,0.5294117647058824
11976,144167,0.044073853484216795,0.9201905896366885,0,0.5110184633710542,0.4889815366289458
11977,117216,0.03354779411764706,0.9439338235294118,0.01838235294117647,0.5036764705882353,0.4963235294117647
11978,103990,0.07906675307841866,0.8839922229423202,9.721322099805574e-4,0.4957874270900843,0.5042125729099157
11980,98702,0.08167092924126172,0.8685421994884911,0.02864450127877238,0.42455242966751916,0.5754475703324808
